-249
-256
-244
-254
-257
-240
-249
-253
-242
-252
-251
-253
-259
-250
-244
-260
-247
-253
-261
-260
-258
-259
-253
-253
-252
-254
-253
-253
-247
-256
-250
-248
-261
-247
-251
-246
-252
-253
-249
-254
-249
-252
-250
-246
-240
-251
-255
-257
-252
-250
-248
-258
-249
-257
-254
-257
-251
-256
-262
-250
-255
-245
-246
-251
-252
-247
-251
-245
-255
-249
-253
-254
-249
-254
-250
-249
-256
-249
-249
-257
-250
-251
-251
-247
-247
-255
-252
-255
-248
-247
-253
-248
-251
-251
-250
-256
-256
-256
-262
-256
-252
-250
-246
-258
-243
-255
-248
-253
-259
-261
-252
-253
-261
-244
-250
-260
-256
-249
-255
-258
-254
-248
-255
-247
-249
-249
-254
-242
-250
-251
-243
-247
-257
-243
-242
-252
-247
-245
-254
-246
-255
-244
-242
-257
-247
-257
-248
-258
-253
-253
-254
-252
-251
-249
-252
-240
-250
-255
-257
-244
-257
-248
-254
-243
-245
-239
-248
-247
-247
-247
-246
-247
-247
-248
-250
-255
-250
-252
-250
-253
-252
-245
-253
-247
-252
-251
-259
-251
-251
-246
-248
-247
-244
-247
-249
-250
-249
-248
-249
-259
-249
-249
-258
-242
-262
-249
-255
-250
-251
-246
-249
-250
-245
-252
-250
-255
-247
-249
-246
-236
-258
-251
-252
-252
-258
-248
-253
-243
-256
-255
-252
-247
-251
-244
-252
-250
-244
-255
-250
-251
-248
-246
-257
-255
-251
-247
-248
-253
-245
-250
-250
-249
-252
-249
-246
-248
-253
-250
-250
-260
-255
-253
-247
-266
-244
-247
-256
-253
-261
-249
-257
-261
-244
-256
-251
-265
-259
-260
-255
-252
-246
-259
-248
-253
-257
-260
-261
-248
-261
-254
-259
-238
-248
-237
-249
-249
-252
-260
-245
-250
-245
-257
-248
-264
-257
-255
-259
-252
-253
-255
-249
-259
-263
-253
-261
-247
-265
-248
-253
-254
-260
-257
-252
-257
-250
-255
-251
-263
-251
-248
-259
-260
-264
-234
-243
-257
-254
-245
-258
-254
-249
-252
-247
-258
-248
-254
-249
-245
-260
-261
-244
-260
-253
-251
-257
-252
-256
-257
-246
-255
-255
-248
-248
-252
-253
-260
-247
-255
-258
-248
-257
-260
-254
-247
-253
-258
-259
-250
-262
-250
-245
-252
-248
-246
